   -1.0000    1.0000         0
    1.0000    1.0000         0
    1.0000   -1.0000         0
   -1.0000   -1.0000         0
   -0.8000    1.0000         0
   -0.6000    1.0000         0
   -0.4000    1.0000         0
   -0.2000    1.0000         0
         0    1.0000         0
    0.2000    1.0000         0
    0.4000    1.0000         0
    0.6000    1.0000         0
    0.8000    1.0000         0
    1.0000    0.8000         0
    1.0000    0.6000         0
    1.0000    0.4000         0
    1.0000    0.2000         0
    1.0000         0         0
    1.0000   -0.2000         0
    1.0000   -0.4000         0
    1.0000   -0.6000         0
    1.0000   -0.8000         0
    0.8000   -1.0000         0
    0.6000   -1.0000         0
    0.4000   -1.0000         0
    0.2000   -1.0000         0
         0   -1.0000         0
   -0.2000   -1.0000         0
   -0.4000   -1.0000         0
   -0.6000   -1.0000         0
   -0.8000   -1.0000         0
   -1.0000   -0.8000         0
   -1.0000   -0.6000         0
   -1.0000   -0.4000         0
   -1.0000   -0.2000         0
   -1.0000         0         0
   -1.0000    0.2000         0
   -1.0000    0.4000         0
   -1.0000    0.6000         0
   -1.0000    0.8000         0
   -0.0145    0.0259         0
   -0.9132   -0.9040         0
    0.9035   -0.9132         0
    0.9132    0.9039         0
   -0.8710    0.8741         0
   -0.4358    0.4026         0
   -0.4426   -0.3048         0
    0.2619   -0.4881         0
    0.4640    0.2602         0
   -0.6894   -0.8257         0
    0.8228   -0.6889         0
    0.6909    0.8274         0
    0.0468    0.5240         0
    0.3862   -0.0691         0
   -0.0469   -0.3720         0
   -0.6179    0.0800         0
    0.6478   -0.3657         0
   -0.3690   -0.6461         0
   -0.6297    0.6595         0
    0.4782   -0.6956         0
    0.6871    0.4874         0
   -0.6951   -0.4959         0
    0.5006    0.8348         0
   -0.0401   -0.6701         0
    0.6711   -0.0425         0
   -0.2518    0.6507         0
   -0.3116    0.1093         0
   -0.6988    0.3746         0
   -0.7291   -0.2008         0
    0.1494   -0.2003         0
    0.1675    0.2632         0
    0.2432    0.6969         0
    0.8019    0.3066         0
    0.3042   -0.8065         0
   -0.3090   -0.4342         0
    0.4679   -0.3010         0
    0.5910    0.6605         0
   -0.8389    0.7172         0
   -0.8004   -0.6582         0
    0.7994    0.6562         0
    0.6515   -0.8003         0
   -0.4912   -0.8275         0
    0.8260   -0.4901         0
   -0.2417   -0.1725         0
   -0.1000    0.2975         0
    0.2905    0.4782         0
   -0.0175    0.8019         0
    0.6296    0.1501         0
    0.1519   -0.6365         0
   -0.4215    0.7653         0
   -0.7776    0.1917         0
    0.8396   -0.2946         0
   -0.2952   -0.8392         0
   -0.5362   -0.1251         0
   -0.4678    0.2199         0
    0.1629    0.0783         0
   -0.5920   -0.6545         0
    0.6465   -0.5892         0
   -0.8154    0.5143         0
   -0.7158    0.8518         0
   -0.7961   -0.3619         0
   -0.5737    0.4788         0
   -0.8496   -0.0857         0
    0.5815   -0.1904         0
   -0.1887   -0.5721         0
   -0.1088   -0.8426         0
    0.8428   -0.1092         0
    0.3147    0.8417         0
   -0.6176   -0.3267         0
    0.8582    0.4897         0
    0.4866   -0.8608         0
    0.3217   -0.2184         0
   -0.8529   -0.8171         0
    0.8531    0.8169         0
    0.8152   -0.8530         0
   -0.1315    0.4680         0
    0.0842   -0.8267         0
    0.8250    0.0841         0
   -0.0437   -0.1795         0
    0.4579    0.0747         0
    0.0894   -0.4635         0
    0.4597    0.4788         0
   -0.4364    0.5747         0
    0.4535   -0.4905         0
   -0.5046   -0.4765         0
    0.4048    0.6819         0
    0.6092    0.3367         0
   -0.2564    0.8444         0
   -0.3504   -0.0569         0
   -0.2706    0.3058         0
    0.0173    0.1964         0
   -0.1837   -0.0197         0
   -0.6246    0.2427         0
   -0.1232    0.8824         0
    0.5219   -0.0613         0
   -0.0520   -0.5167         0
   -0.8586   -0.5026         0
   -0.8586    0.3363         0
    0.1386    0.8364         0
   -0.7647    0.0392         0
    0.3112    0.3467         0
    0.1725    0.4229         0
   -0.3111   -0.2817         0
    0.0996   -0.0711         0
    0.0894    0.6786         0
   -0.8784    0.0688         0
   -0.5536    0.8560         0
    0.7174   -0.2011         0
   -0.2010   -0.7151         0
   -0.8751   -0.2495         0
   -0.9133   -0.7182         0
    0.9133    0.7177         0
    0.7163   -0.9134         0
   -0.6800    0.5079         0
    0.3425   -0.3684         0
    0.3299   -0.6239         0
   -0.0678    0.6485         0
   -0.1432    0.1531         0
   -0.5602    0.3448         0
    0.3134    0.1762         0
   -0.3052    0.4819         0
   -0.4565    0.0463         0
   -0.1852   -0.3143         0
    0.0707   -0.3123         0
   -0.3765   -0.1874         0
    0.0285    0.3622         0
   -0.6995   -0.0584         0
    0.2397   -0.0748         0
    0.1931    0.5636         0
    0.3182    0.5800         0
    0.2060   -0.3420         0
    0.4567   -0.1684         0
   -0.1570   -0.4425         0
    0.5714    0.0301         0
    0.0365   -0.5728         0
   -0.1431    0.7658         0
    0.3128    0.0361         0
